&CASE_PARAMS
  q1_r=1.100000, q1_u=0.000000, q1_v=0.000000, q1_p=1.100000,
  q2_r=0.506500, q2_u=0.893900, q2_v=0.000000, q2_p=0.350000,
  q3_r=1.100000, q3_u=0.893900, q3_v=0.893900, q3_p=1.100000,
  q4_r=0.506500, q4_u=0.000000, q4_v=0.893900, q4_p=0.350000,
  DT=0.0001,
  T_END=0.25,
  NX=800, NY=800
/
