&CASE_PARAMS
  q1_r=1.000000, q1_u=0.750000, q1_v=-0.500000, q1_p=1.000000,
  q2_r=2.000000, q2_u=0.750000, q2_v=0.500000, q2_p=1.000000,
  q3_r=1.000000, q3_u=-0.750000, q3_v=0.500000, q3_p=1.000000,
  q4_r=3.000000, q4_u=-0.750000, q4_v=-0.500000, q4_p=1.000000,
  DT=0.0001,
  T_END=0.3,
  NX=800, NY=800
/
