&CASE_PARAMS
  q1_r=1.500000, q1_u=0.000000, q1_v=0.000000, q1_p=1.500000,
  q2_r=0.532300, q2_u=1.206000, q2_v=0.000000, q2_p=0.300000,
  q3_r=0.138000, q3_u=1.206000, q3_v=1.206000, q3_p=0.029000,
  q4_r=0.532300, q4_u=0.000000, q4_v=1.206000, q4_p=0.300000,
  DT=0.0001,
  T_END=0.25,
  NX=800, NY=800
/
